uid;type;longitude;latitude;altitude;massif;secteur;chaine;region;departement;commune
UID;Longitude;Latitude;Altitude;Secteur
1547;6.384563;44.996183;2,071.00;Haute Romanche
5572;6.385397;44.995506;2,100.00;Haute Romanche
1710;6.32858;44.985904;2,829.00;Haute Romanche
1537;6.344864;44.968992;3,169.00;Haute Romanche
1488;6.324587;45.011304;3,440.00;Haute Romanche
1752;6.303536;44.99841;3,092.00;Haut Veneon
1753;6.299482;44.975819;2,225.00;Haut Veneon
1754;6.331894;44.870005;2,577.00;Haut Veneon
647;6.332568;44.904226;2,410.00;Haut Veneon
1529;6.174;44.945;1,805.00;Haut Veneon
1544;6.243958;44.96068;2,719.00;Haut Veneon
1545;6.248985;44.98256;2,673.00;Haut Veneon
1536;6.405662;44.882652;2,694.00;Vallouise
1538;6.361139;44.834424;2,106.00;Vallouise
1540;6.390517;44.87336;2,504.00;Vallouise
1550;6.41164;44.93755;2,542.00;Vallouise
1535;6.383095;44.947334;3,161.00;Vallouise
1000;6.519834;44.781406;1,725.00;Vallouise
6472;6.17775;44.864906;2,169.00;Valgaudemar
1548;6.204423;44.841515;2,332.00;Valgaudemar
1166;6.146549;44.844652;1,969.00;Valgaudemar
1767;6.314972;44.809982;1,998.00;Valgaudemar
1165;6.289191;44.798485;2,262.00;Valgaudemar
1549;6.284918;44.854884;2,423.00;Valgaudemar
1741;6.2712;45.0267;2,508.00;Romanche
1341;6.097452;44.953;2,115.00;Veneon
2319;6.18288;45.04361;1,517.00;
1546;
1552;
2296;
4223;
2166;
